site index : [27,]
pcs : [1, 12, 60.0, 0.0, 0.0, 0.020000001415610313, 33.0, 33.0, 33.0, 33.0, 24439220.0, 21818922.0, 0.0, 0.0, 0.0, 435.8000183105469, 441.0, 429.3000183105469, 9.100000381469727, 9.199999809265137, 9.0, 933.5, 933.1000366210938, -1.399999976158142, -1.3000000715255737, 35155, 0, 0, 0, 0, 0, 0, 0, 0, 0]
bsc : [1, 722, 80, 80, 8, 80, 14.800000190734863, 100.0, 933.6000366210938, 0.0, 437.6000061035156, 875.2999877929688, 3268.34716796875, 6537.44091796875, 3.56000018119812, 3.5280001163482666, 22.60999870300293, 16.56999969482422, 0, 0, 44, 4, 0, 0, 0, 0, 0, 0, 0, 0, 0]
ess : [1, 1, 0, 0, 8.021981239318848, 60.6632194519043, 6.46657133102417, 0.0, 13166.333984375, 13213.78515625, 13059.3935546875, 2.1009459495544434, 1.9238537549972534, 1.6553150415420532, 60.023746490478516, 2286798.25, 353740.71875, 2517168.0]
pv 	: [2, 1, 0, 0, 0.0, 0.0, 0.0, 0.0, 13204.5400390625, 13259.25, 13111.3251953125, 1.0610777139663696, 0.9315250515937805, 1.1314306259155273, 60.08043670654297, 0.0, 0.0, 0.0]

b"\x1b\x00\x01\x00\x0c\x00\x00\x00pB\x00\x00\x00\x00\x00\x00\x00\x00\x0b\xd7\xa3<\x00\x00\x04B\x00\x00\x04B\x00\x00\x04B\x00\x00\x04B\xdat\xbaK\x15w\xa6K\x00\x00\x00\x00\x00\x00\x00\x00\x00\x00\x00\x00g\xe6\xd9C\x00\x80\xdcCg\xa6\xd6C\x9a\x99\x11A33\x13A\x00\x00\x10A\x00`iDgFiD33\xb3\xbfgf\xa6\xbfS\x89\x00\x00\x00\x00\x00\x00\x00\x00\x00\x00\x00\x00\x00\x00\x00\x00\x00\x00\x00\x00\x00\x00\x00\x00\x00\x00\x00\x00\x00\x00\x00\x00\x00\x00\x00\x00\x01\x00\xd2\x02P\x00P\x00\x08\x00P\x00\xcd\xcclA\x00\x00\xc8BgfiD\x00\x00\x00\x00\xcd\xcc\xdaC3\xd3ZD\x8eELE\x87K\xccE\x0b\xd7c@\xc1\xcaa@G\xe1\xb4A\\\x8f\x84A\x00\x00\x00\x00,\x00\x04\x00\x00\x00\x00\x00\x00\x00\x00\x00\x00\x00\x00\x00\x00\x00\x00\x00\x00\x00\x00\x00\x00\x00\x00\x00\x00\x00\x00\x00\x00\x00\x00\x00\x00\x00\x00\x00\x01\x00\x01\x00\x00\x00\x00\x00\x00\tZ\x00A#\xa7rB'\xee\xce@\x00\x00\x00\x00V\xb9MF$wNF\x93\rLF\xe6u\x06@\xd7@\xf6?]\xe1\xd3?Q\x18pB9\x93\x0bJ\x97\xb9\xacH\xc0\xa2\x19J\x02\x00\x01\x00\x00\x00\x00\x00\x00\x00\x00\x00\x00\x00\x00\x00\x00\x00\x00\x00\x00\x00\x00\x00\x00)RNF\x00-OFM\xddLFe\xd1\x87?mxn?\xb8\xd2\x90?^RpB\x00\x00\x00\x00\x00\x00\x00\x00\x00\x00\x00\x00"